# Created by Octave 3.2.3, Tue Jan 10 18:34:32 2012 JST <hiroto@VM-Ubuntu>
# name: X
# type: matrix
# rows: 50
# columns: 2
 -0.3296696831897534 1.579848438857392
 0.4172964182670085 1.930041451232095
 0.7343568080094377 0.9046209211922591
 0.5599431070401388 1.865703704806692
 2.060780324258872 1.470809471455979
 0.9485119366839583 3.140202943371087
 1.540985151551484 -0.03468304051983684
 1.90300072027151 0.4992668877004939
 -0.7388134372583914 0.289512500858187
 -0.2223097259262561 -1.160774643641674
 1.430161006912292 0.7098459048003685
 1.167784911798089 0.2427256251864187
 1.487520299286897 1.155402447319506
 0.2140500692283166 2.068808476965202
 0.6532554891862714 0.06047169493610682
 1.645706832319042 1.568360270134463
 1.594611013945858 0.4562572889580281
 0.06781604040492362 1.022912246125098
 0.3673861026134114 0.2512741678051008
 0.7955537086634975 -0.1697982966221494
 2.129287162335049 1.954879384320789
 2.676444565861893 2.065042468851442
 -0.159535468975097 1.64116260120784
 1.212907012254175 1.269941417470292
 0.7339235733002005 1.991999835791902
 -1.474596139847261 0.1881197545633606
 -1.416039650365312 -1.951858766879861
 -0.2561548069891839 -0.3000132832905561
 -0.2617483041515039 -1.389489738503382
 -1.422145037229505 -1.950906262430758
 -1.180728161764807 -0.1043238525495621
 -2.443289472306751 -0.3110668666830618
 -0.5418401820476336 -3.194118114405048
 -1.423265857407196 0.346072683416883
 -0.8195019269699746 -1.29755874385142
 -0.8441325032350906 -2.157515425600775
 -1.115018594948996 -1.945034123731225
 0.05884363387978753 -1.250880844105392
 -1.233506150597423 -1.600523113543603
 -2.200112424022078 0.3984673110960675
 -0.3930464138893739 0.1488970209112448
 -2.806736263652035 -0.4502680809392224
 -2.777196032817463 -0.5710665043821099
 -0.8358240223530351 -2.34616967991228
 -0.9563622345119417 -0.1084406556321932
 -2.083163658864503 -1.074647558859264
 -0.9692503278745147 0.2694485792228611
 -0.312121191834592 -1.435385844772565
 -2.005793593970045 -1.616962385903495
 0.07197063474299914 -1.145430120871776
